4294967294,0
4294967278,132
4294967278,131
4294967278,130
4294967278,129
4294967278,128
4294967278,127
4294967278,126
4294967278,125
4294967278,124
4294967278,123
4294967278,122
4294967278,121
4294967278,120
4294967278,119
4294967278,118
4294967278,117
4294967278,116
4294967278,115
4294967278,114
4294967278,113
4294967278,112
4294967278,111
4294967278,110
4294967278,109
4294967278,108
4294967278,107
4294967278,106
4294967278,105
4294967278,104
4294967278,103
4294967278,102
4294967278,101
4294967278,100
4294967278,99
4294967278,98
4294967278,97
4294967278,96
4294967278,95
4294967278,94
4294967278,93
4294967278,92
4294967278,91
4294967278,90
4294967278,89
4294967278,87
4294967278,86
4294967278,85
4294967278,84
4294967278,83
4294967278,82
4294967278,81
4294967278,80
4294967278,79
4294967278,78
4294967278,77
4294967278,76
4294967278,75
4294967278,74
4294967278,73
4294967278,72
4294967278,71
4294967278,70
4294967278,69
4294967278,68
4294967278,67
4294967278,66
4294967278,65
4294967278,64
4294967278,63
4294967279,86
4294967279,84
4294967279,81
4294967279,80
4294967279,77
4294967279,73
4294967279,72
4294967279,69
4294967279,62
4294967279,60
4294967279,56
4294967279,55
4294967279,49
4294967279,44
4294967279,41
4294967279,36
4294967279,28
4294967279,26
4294967279,25
4294967279,24
4294967279,20
4294967279,17
4294967279,15
4294967279,14
4294967279,10
4294967279,9
4294967279,8
4294967279,7
4294967279,6
4294967279,5
4294967279,4
4243767290,0
441,6
441,5
441,4
441,3
441,2
441,1
4294967279,475
4294967294,988
440,6
440,5
440,4
440,3
440,2
440,1
4294967279,474
439,4
439,3
439,2
439,1
4294967279,473
438,4
438,3
438,2
438,1
437,4
437,3
437,2
437,1
4294967294,1423
436,4
436,3
436,2
436,1
435,4
435,3
435,2
435,1
434,5
434,4
434,3
434,2
434,1
4294967278,386
433,5
433,4
433,3
433,2
433,1
4294967279,472
4294967278,385
4243767290,3
4243767290,2
432,6
432,5
432,4
432,3
432,2
432,1
431,6
431,5
431,4
431,3
431,2
431,1
430,4
430,3
430,2
430,1
429,4
429,3
429,2
429,1
428,4
428,3
428,2
428,1
427,4
427,3
427,2
427,1
426,4
426,3
426,2
426,1
425,5
425,4
425,3
425,2
425,1
424,5
424,4
424,3
424,2
424,1
423,6
423,5
423,4
423,3
423,2
423,1
422,6
422,5
422,4
422,3
422,2
422,1
421,4
421,3
421,2
421,1
420,4
420,3
420,2
420,1
419,4
419,3
419,2
419,1
418,4
418,3
418,2
418,1
417,4
417,3
417,2
417,1
416,5
416,4
416,3
416,2
416,1
4294967278,384
415,5
415,4
415,3
415,2
415,1
4294967278,229
4294967279,471
4294967279,470
4294967294,471
4294967294,1038
4294967279,469
4294967278,292
4294967279,468
4294967293,131
4294967293,130
4294967293,129
4294967293,128
4294967293,127
4294967293,126
4294967293,125
4294967293,124
4294967293,123
4294967293,122
4294967293,121
4294967293,120
4294967293,119
4294967293,118
4294967293,117
4294967293,116
4294967293,115
4294967293,114
4294967293,113
4294967293,112
4294967293,111
4294967293,110
4294967293,109
4294967293,108
4294967293,107
4294967293,106
4294967293,105
4294967293,104
4294967293,103
4294967293,102
4294967293,101
4294967293,100
4294967293,99
4294967293,98
4294967293,97
4294967293,96
4294967293,95
4294967293,94
4294967293,93
4294967293,92
4294967293,91
4294967293,90
4294967293,89
4294967293,88
4294967293,87
4294967293,86
4294967293,85
4294967293,84
4294967293,83
4294967293,82
4294967293,81
4294967293,80
4294967293,79
4294967293,78
4294967293,77
4294967293,76
4294967293,75
4294967293,74
4294967293,73
4294967293,72
4294967293,71
4294967293,70
4294967293,69
4294967293,68
4294967293,67
4294967293,66
4294967293,65
4294967293,64
4294967293,63
4294967293,62
4294967293,61
4294967293,60
4294967293,59
4294967293,58
4294967293,57
4294967293,56
4294967293,55
4294967293,54
4294967293,53
4294967293,52
4294967293,51
4294967293,50
4294967293,49
4294967293,48
4294967293,47
4294967293,46
4294967293,45
4294967293,44
4294967293,43
4294967293,42
4294967293,41
4294967293,40
4294967293,39
4294967293,38
4294967293,37
4294967293,36
4294967293,35
